3581257920
2111638536
1047922898
203928280
1298294166
953691855
393717952
551113931
3169793857
3199521995
2081371969
1331848598
1180853654
3630327190
2356652224
813813451
1688988369
1140669140
1937221824
4294967295
92502723
1164076438
4203001287
1432511894
1187080646
811914304
3721791683
3529663894
1991071185
1315071382
3546441110
4221125072
1214408086
3886892239
551113931
2653193169
3512886678
2084737861
3781322134
3219066440
2445838146
1449289110
3188928207
3861295832
3613549974
864145099
745908416
1197630870
4211081440
4286032064
